100 010 1 00000000001 00101010000 0000001101010000000000000101111010001111000
VVV TTT I LLLLLLLLLLL AAAAAAAAAAA

0 = 0000
1 = 0001
2 = 0010
3 = 0011
4 = 0100
5 = 0101
6 = 0110
7 = 0111
8 = 1000
9 = 1001
A = 1010
B = 1011
C = 1100
D = 1101
E = 1110
F = 1111

8    A    0    0    4    A    8    0    1    A    8    0    0    2    F    4    7    8
1000 1010 0000 0000 0100 1010 1000 0000 0001 1010 1000 0000 0000 0010 1111 0100 0111 1000


110 000 0 000000001010100 000 000 0 000000000010110 000 100 01010 110 100 01011 100 000 1 00000000010 111 100 01100 000 100 01101 000000
  6   0 0              84   0   0 0              22   0   4    10   6   4    11   4   0 1           2   7   4    12   0   4    13